0000010000000000000000000000000100
0000100000000000000000000000000101
0010000001000000000000100011000101
0000000000100000000000000010000100
0000000000010000000000000000000010
1000001000010101000000000000000011
1000001000100110100000000000000011
1000001000110100010000000000000011
1000001000111000001000000000000011
1000000000000000000000100000000000
1000001000011100100000000000000011
1000001000101100010000000000000011
1000001001111000001000000000000011
1000000000000000000000100000000000
1000001000100010010000000000000011
1000001001111010001000000000000011
1000000000000000000000100000000000
1000001001111100001000000000000011
1000000000000000000000100000000000
1000001000110000010000000000000011
1000001001100000001000000000000011
1000000001010000000000100000000000
1000001001111110001000000000000011
1000000000000000000000100000000000
1000001010000000001000000000000011
1000000000000000000000100000000000
1000001001000110001000000000000011
1000000000111100000001000000000000
0001000000000000000001000000000000
1000000000000000000001000000000000
1000001001000010000100000000000011
0000000000000011110000000000000000
1000000000000000000000100000000000
0001000000000000001000000000000000
1000000000000000000000100000000000
1000001001001100000100000000000011
0001000000000000001000010000011000
1000000000000000000000100000000000
0000000000000011110000010000001000
1000000000000000000000100000000000
1000001001011000000100000000000011
0000000000000011111000000100001001
1000000000000000000000100000000000
1000001000000010000010000000000011
0000000000000011111000000000001001
1000000000000000000000100000000000
0000000000000010000000010000001001
1000000000000000000000100000000000
1000001001101110000100000000000011
0000000000001000000000000000001000
0000000000000100000000000000000111
0000100100000000000000100100010001
0000010010000000000000010010000110
0100000000000000000000000000000000
1000000000000000000000100000000000
0000100000000000000000000000000111
0000010000000000000000000000000110
0010000100000000000000100011000111
0000000010000000000000000010000110
0000000000000011110000000000000010
1000000000000000000000100000000000
1000000000000000000000100000000000
1000000000000000000000100000000000
1000000000000000000000100000000000
1000000000000000000000100000000000